(-0.003498770981400723, 0.99) (-0.003498770981400723, 0.98) (-0.003498770981400723, 0.98) (-0.003498770981400723, 1.0) (-0.003498770981400723, 1.02)
(0.6728007446280538, 0.44) (-0.001731002851135699, 0.08) (-0.0017090874737244466, 0.1) (-0.0017109085190356588, 0.09) (-0.0017106209655894933, 0.09)
(0.8575866204600878, 1.62) (0.9682876974300605, 1.54) (0.9798398844736528, 1.59) (0.9802150118693038, 1.63) (0.9788623518747679, 1.63)
(0.7391201872183903, 1.73) (0.8425392958261849, 1.45) (0.71564818937628, 1.25) (0.8577245653683302, 1.37) (0.676882566282316, 1.32)
(0.7236696952215737, 1.17) (0.7541554542813727, 1.13) (0.9181141920699551, 1.72) (0.9171503344618468, 1.68) (0.917133605663981, 1.72)
(0.8193306386343319, 0.24) (0.9531806182301349, 0.38) (0.9386923186273467, 0.27) (0.9373821916697846, 0.24) (0.8579396024805753, 0.23)
(0.8548933200303565, 0.29) (0.8400668591708839, 0.57) (0.9684646193674986, 0.61) (0.717431030720618, 0.24) (0.7170132211757709, 0.21)
(0.8129371528427168, 0.31) (0.835580035108781, 0.35) (0.8407416149293723, 0.31) (0.8432814621941265, 0.28) (0.8419575862304203, 0.22)

(-0.004435129536411786, 0.57) (-0.004435129536411786, 0.55) (-0.004435129536411786, 0.51) (-0.004435129536411786, 0.53) (-0.004435129536411786, 0.52)
(0.6990018726132361, 0.34) (0.7249720923152755, 0.41) (-0.008177002585214144, 0.06) (-0.009774080698910836, 0.06) (-0.009791294602340628, 0.07)
(0.7323100718268968, 0.2) (0.741414963009889, 0.19) (0.7502419809359878, 0.2) (0.7417432688951977, 0.14) (0.7336229659640817, 0.19)
(0.6456314752060223, 0.83) (0.6872994110630993, 0.92) (0.6267539879695022, 0.81) (0.6666260679512436, 0.63) (0.662650610157328, 1.07)
(0.7226062679489174, 1.11) (0.7517115243948019, 1.1) (0.7513767224249165, 1.09) (0.7513289371621091, 1.08) (0.7513377499719467, 1.08)
(0.7859523079701052, 0.14) (0.92053685810052, 0.2) (0.9251115163359035, 0.2) (0.9251393523116331, 0.21) (0.7788692266844207, 0.13)
(0.8433162818919159, 0.26) (0.7356437971357507, 0.2) (0.9189062352753816, 0.42) (0.7214183420529561, 0.23) (0.7575349559992632, 0.34)
(0.8098845166882157, 0.34) (0.8311537273894541, 0.36) (0.8520014350678154, 0.35) (0.8499310184414379, 0.33) (0.8499387327979516, 0.3)

(-0.009938876488171156, 0.55) (-0.009938876488171156, 0.55) (-0.009938876488171156, 0.59) (-0.009938876488171156, 0.59) (-0.009938876488171156, 0.59)
(0.6562384523848627, 0.26) (-0.0043741935575680735, 0.04) (-0.004368152811262682, 0.04) (-0.0043648192353134, 0.04) (-0.0043645113537347235, 0.04)
(0.7197799982869901, 0.22) (0.7316756669590079, 0.21) (0.7357740691480298, 0.17) (0.7371293399316887, 0.21) (0.7316075827874835, 0.17)
(0.5875718643792281, 0.68) (0.6782118622671764, 0.8) (0.6034087695890308, 0.75) (0.5686160225470422, 0.44) (0.2939017798855367, 0.51)
(0.710594752279311, 1.36) (0.1362661581162796, 0.83) (-0.010623198514636778, 0.88) (-0.010622618390308647, 0.79) (-0.010622498732218322, 0.87)
(0.8113397710434127, 0.18) (0.8075448903490551, 0.17) (0.806110353541423, 0.15) (0.8902478339625371, 0.2) (0.8059768313733301, 0.18)
(0.8330871216545189, 0.29) (0.7268990178653829, 0.25) (0.9171397531593332, 0.39) (0.6987926339810763, 0.22) (0.6972860853270073, 0.24)
(0.7416019587609525, 0.41) (0.8198556403781277, 0.32) (0.6364672609020077, 0.33) (0.6367758462322824, 0.31) (0.8373396770527163, 0.31)
